use[0] = { 7 8 13 28 42 62 90 113 120 122 141 146 172 184 194 211 212 213 216 228 240 242 255 259 266 282 305 318 328 353 356 371 396 400 406 411 417 442 465 473 476 483 519 524 532 541 565 575 604 609 625 627 650 668 755 780 797 824 825 840 851 862 869 893 904 911 944 954 983 985 995 996 }
def[0] = { 10 57 71 142 183 210 260 380 390 393 410 457 577 615 679 701 762 786 815 816 832 880 921 }

in[0] = { 1 4 7 8 13 17 28 34 36 42 44 51 52 61 62 69 70 77 80 90 99 108 113 119 120 122 124 130 141 146 147 157 160 164 167 168 169 172 178 184 186 194 196 201 209 211 212 213 215 216 218 227 228 237 240 242 247 250 251 255 258 259 266 268 272 277 278 282 283 295 297 299 300 305 313 316 318 328 330 331 335 336 337 353 356 359 371 374 382 391 396 400 406 411 415 417 424 429 433 438 442 458 465 468 473 476 477 481 483 488 493 494 503 508 509 510 519 522 523 524 532 533 537 539 541 542 551 557 563 565 567 571 572 573 575 581 583 585 592 604 608 609 613 620 624 625 627 643 646 649 650 659 663 664 668 672 677 688 690 693 700 705 706 707 716 732 741 745 749 751 752 753 755 756 758 759 760 763 766 768 778 780 792 794 795 796 797 800 806 807 822 823 824 825 827 829 831 835 840 848 851 859 862 866 868 869 870 876 881 884 888 893 896 898 900 904 907 910 911 914 922 926 932 934 936 944 948 949 950 951 954 955 961 963 965 968 974 981 983 985 987 995 996 999 }
out[0] = { 1 4 7 17 34 36 42 44 51 52 61 69 70 77 80 99 108 113 119 124 130 146 147 157 160 164 167 168 169 178 184 186 196 201 209 215 216 218 227 228 237 247 250 251 258 268 272 277 278 283 295 297 299 300 305 313 316 318 330 331 335 336 337 353 359 374 382 391 400 415 424 429 433 438 457 458 468 473 477 481 488 493 494 503 508 509 510 522 523 533 537 539 541 542 551 557 563 567 571 572 573 581 583 585 592 604 608 613 620 624 643 646 649 659 663 664 672 677 688 690 693 700 705 706 707 716 732 741 745 749 751 752 753 756 758 759 760 762 763 766 768 778 786 792 794 795 796 797 800 806 807 816 822 823 824 827 829 831 835 848 851 859 866 868 870 876 881 884 888 896 898 900 907 910 914 922 926 932 934 936 948 949 950 951 954 955 961 963 965 968 974 981 987 999 }

use[1] = { 1 4 7 17 61 77 113 124 146 147 160 164 169 196 215 216 250 268 277 278 283 297 299 330 331 337 353 438 522 523 537 539 567 583 585 592 620 643 649 659 688 693 705 706 741 745 749 752 758 763 786 807 831 868 881 884 888 896 907 914 922 932 950 951 954 955 968 974 999 }
def[1] = { 46 184 208 221 313 445 446 483 513 530 558 606 729 735 744 747 873 892 917 934 935 939 }

in[1] = { 1 4 7 17 61 77 113 124 146 147 160 164 169 196 215 216 250 268 277 278 283 297 299 330 331 337 353 438 522 523 537 539 567 583 585 592 620 643 649 659 688 693 705 706 741 745 749 752 758 763 786 807 831 868 881 884 888 896 907 914 922 932 950 951 954 955 968 974 999 }
out[1] = { }

use[2] = { 34 36 42 51 52 70 80 130 168 209 218 227 247 250 251 258 300 305 313 316 359 374 382 391 400 429 433 458 481 488 503 508 509 510 533 541 542 551 571 604 624 664 672 677 690 700 732 751 759 760 768 778 794 795 797 800 806 824 827 848 851 859 870 876 926 934 936 949 961 }
def[2] = { 134 145 203 216 287 306 361 389 444 466 483 502 651 679 684 706 712 849 939 942 969 999 }

in[2] = { 34 36 42 44 51 52 69 70 80 99 108 119 130 157 167 168 169 178 184 186 201 209 218 227 228 237 247 250 251 258 272 278 295 300 305 313 316 318 335 336 337 359 374 382 391 400 415 424 429 433 457 458 468 473 477 481 488 493 494 503 508 509 510 533 537 541 542 551 557 563 571 572 573 581 604 608 613 624 646 663 664 672 677 690 700 707 716 732 751 752 753 756 759 760 762 766 768 778 792 794 795 796 797 800 806 816 822 823 824 827 829 835 848 851 859 866 870 876 881 898 900 910 926 934 936 948 949 961 963 965 981 987 }
out[2] = { 34 44 69 99 108 119 157 167 169 178 184 186 201 218 228 237 251 272 278 295 316 318 335 336 337 389 415 424 457 468 473 477 493 494 537 541 551 557 563 572 573 581 608 613 646 663 707 716 752 753 756 762 766 792 796 816 822 823 829 835 866 881 898 900 910 948 961 963 965 981 987 }

use[3] = { 11 35 54 62 64 90 127 129 130 149 162 166 197 216 218 235 246 261 292 317 334 341 342 354 370 371 377 391 408 438 439 508 514 517 549 557 558 576 602 611 643 645 647 655 665 700 719 720 722 729 732 740 744 755 756 771 795 798 807 832 833 838 855 871 903 914 937 960 989 993 996 998 }
def[3] = { 4 70 94 144 227 229 265 296 356 402 462 486 502 523 565 578 582 584 592 787 897 975 }

in[3] = { 11 35 54 62 64 90 127 129 130 149 162 166 197 216 218 235 246 261 292 317 334 341 342 354 370 371 377 391 408 438 439 508 514 517 549 557 558 576 602 611 643 645 647 655 665 700 719 720 722 729 732 740 744 755 756 771 795 798 807 832 833 838 855 871 903 914 937 960 989 993 996 998 }
out[3] = { }

use[4] = { 34 44 69 99 108 119 157 167 169 178 184 186 201 218 228 237 251 272 278 295 316 318 335 336 337 389 415 424 457 468 473 477 493 494 537 541 551 557 563 572 573 581 608 613 646 663 707 716 752 753 756 762 766 792 796 816 822 823 829 835 866 881 898 900 910 948 961 963 965 981 987 }
def[4] = { 58 70 96 122 199 209 211 285 393 510 514 524 542 680 687 736 744 781 798 810 907 926 952 993 }

in[4] = { 34 44 69 99 108 119 157 167 169 178 184 186 201 218 228 237 251 272 278 295 316 318 335 336 337 389 415 424 457 468 473 477 493 494 537 541 551 557 563 572 573 581 608 613 646 663 707 716 752 753 756 762 766 792 796 816 822 823 829 835 866 881 898 900 910 948 961 963 965 981 987 }
out[4] = { }

use[5] = { 2 4 24 38 47 57 72 81 95 104 108 121 155 166 177 185 190 192 215 219 220 234 257 264 270 280 286 307 331 360 387 393 402 413 423 455 505 525 527 554 572 578 599 607 609 610 637 664 666 669 724 726 739 757 772 792 799 803 827 836 857 859 880 897 903 914 918 922 948 952 963 982 997 }
def[5] = { 31 41 71 183 292 357 442 444 536 584 603 639 659 718 729 743 773 781 791 864 911 912 944 955 961 }

in[5] = { 2 4 24 38 47 57 72 81 95 104 108 121 155 166 177 185 190 192 215 219 220 234 257 264 270 280 286 307 331 360 387 393 402 413 423 455 505 525 527 554 572 578 599 607 609 610 637 664 666 669 724 726 739 757 772 792 799 803 827 836 857 859 880 897 903 914 918 922 948 952 963 982 997 }
out[5] = { }

use[6] = { 1 5 47 49 54 72 79 89 114 138 145 188 194 196 224 230 240 243 257 265 273 296 299 310 311 325 340 341 345 346 357 362 365 369 372 390 392 395 419 427 430 432 435 480 506 518 530 532 534 546 569 573 576 622 650 654 668 694 702 777 787 810 831 846 850 891 908 945 947 999 }
def[6] = { 16 53 110 119 164 201 247 391 462 483 492 606 613 616 640 691 752 765 862 880 896 976 988 993 }

in[6] = { 1 5 47 49 54 72 79 89 114 138 145 188 194 196 224 230 240 243 257 265 273 296 299 310 311 325 340 341 345 346 357 362 365 369 372 390 392 395 419 427 430 432 435 480 506 518 530 532 534 546 569 573 576 622 650 654 668 694 702 777 787 810 831 846 850 891 908 945 947 999 }
out[6] = { }

use[7] = { 3 12 45 66 68 69 88 99 112 133 143 146 147 161 173 186 198 212 240 247 297 302 304 308 311 317 320 333 366 388 433 480 497 498 505 516 527 528 534 539 542 553 581 584 616 648 656 673 687 697 720 722 723 724 770 791 795 798 802 815 841 845 853 889 901 911 953 959 969 972 973 976 }
def[7] = { 2 39 63 87 145 151 165 187 222 229 266 313 373 378 418 443 462 633 767 771 839 855 942 965 984 }

in[7] = { 3 12 45 66 68 69 88 99 112 133 143 146 147 161 173 186 198 212 240 247 297 302 304 308 311 317 320 333 366 388 433 480 497 498 505 516 527 528 534 539 542 553 581 584 616 648 656 673 687 697 720 722 723 724 770 791 795 798 802 815 841 845 853 889 901 911 953 959 969 972 973 976 }
out[7] = { }

use[8] = { 23 24 39 53 55 65 90 96 101 127 147 153 161 178 188 189 235 257 258 277 297 325 330 340 343 345 349 378 387 401 412 418 452 455 463 471 474 482 485 489 492 504 513 562 563 585 588 589 600 610 630 703 733 741 752 755 764 803 819 853 858 870 890 899 906 920 930 948 963 975 976 997 }
def[8] = { 1 119 126 169 240 242 268 319 341 368 382 395 423 425 505 546 577 602 646 664 671 726 786 791 827 }

in[8] = { 23 24 39 53 55 65 90 96 101 127 147 153 161 178 188 189 235 257 258 277 297 325 330 340 343 345 349 378 387 401 412 418 452 455 463 471 474 482 485 489 492 504 513 562 563 585 588 589 600 610 630 703 733 741 752 755 764 803 819 853 858 870 890 899 906 920 930 948 963 975 976 997 }
out[8] = { 23 24 39 53 55 65 90 96 101 127 147 153 161 178 188 189 235 257 258 277 297 325 330 340 343 345 349 378 387 401 412 418 452 455 463 471 474 482 485 489 492 504 513 562 563 585 588 589 600 610 630 703 733 741 752 755 764 803 819 853 858 870 890 899 906 920 930 948 963 975 976 997 }

use[9] = { 5 29 36 60 73 110 118 124 136 146 157 159 166 175 193 194 198 207 211 252 253 293 311 312 367 382 386 401 408 415 422 466 482 500 509 531 542 545 556 578 596 606 618 622 625 628 635 636 649 659 687 697 700 703 707 722 732 748 756 799 811 835 838 903 935 940 955 963 979 987 }
def[9] = { 3 23 100 170 196 219 305 308 379 385 436 535 573 655 672 726 753 764 786 843 848 865 950 953 993 }

in[9] = { 5 29 36 60 73 110 118 124 136 146 157 159 166 175 193 194 198 207 211 252 253 293 311 312 367 382 386 401 408 415 422 466 482 500 509 531 542 545 556 578 596 606 618 622 625 628 635 636 649 659 687 697 700 703 707 722 732 748 756 799 811 835 838 903 935 940 955 963 979 987 }
out[9] = { }

